950016
746
4100008
755
950016
757
950018
745
950017
756
950019
755
950017
950015
950014
950015
950018
950015
950017
950013
3000088
756
950019
950019
950014
746
3000352
755
756
745
746
950018
950019
3000352
950013
3000352
755
950014
950015
746
757
950018
950015
755
950015
745
950014
4100007
950019
746
756
746
950016
950017
755
3000088
950018
950014
950013
757
950018
950014
3000352
3000352
3000352
950013
3000088
950013
950014
950016
3000088
950018
950013
950018
756
745
4100010
950019
950016
950013
950017
757
950016
746
950017
950014
950014
950013
746
950015
950014
950018
756
746
4100007
950017
950019
950017
4100009
950016
950015
4100008
746
950016
950019
950018
4100010
950018
755
755
746
757
3000352
745
755
950018
757
3000352
950014
3000088
950014
4100009
3000088
755
950013
3000088
4100010
746
950018
950017
950019
950018
950019
950016
3000352
757
756
745
755
756
756
950016
950019
757
4100009
950016
950013
757
950016
950015
757
756
756
745
746
757
3000088
746
755
950019
3000352
950015
4100009
4100007
950016
3000088
950017
745
3000088
950018
950017
4100008
950013
3000088
950013
950018
950019
950015
950014
4100009
756
3000352
4100010
950017
950017
755
950018
4100007
950013
950015
950013
950013
757
950019
755
4100008
950015
4100008
950017
745
757
4100008
755
755
755
950017
950017
3000352
757
950017
745
3000352
950019
4100008
3000352
950019
950017
757
4100007
745
3000352
950014
950017
950016
4100007
746
3000352
4100007
950015
4100010
950015
950019
950019
950016
4100007
950016
756
746
755
950018
3000088
4100009
950019
950017
3000088
950019
950014
950018
950014
3000088
950016
950014
757
755
4100009
745
950015
746
746
950018
950014
950016
745
755
950018
950017
757
745
950014
746
746
950014
755
3000352
950016
745
950019
4100010
756
950016
745
4100007
950017
3000352
746
3000088
4100008
950019
950016
3000088
745
756
950017
950017
950013
3000088
4100007
950016
745
3000352
4100009
950017
950014
950019
950014
757
950014
745
950015
4100008
756
950019
3000088
3000088
3000352
4100010
755
4100007
4100009
757
756
745
950017
3000352
4100009
950017
757
950017
950017
755
4100008
950017
755
746
950016
950019
950016
950019
950014
756
3000088
950015
757
3000088
746
755
950014
745
746
950013
3000088
950015
950019
950014
755
3000352
3000352
950015
755
950018
950016
757
950016
4100008
950017
746
745
4100008
746
4100009
756
950016
3000088
3000088
756
3000352
756
3000088
745
757
950018
950018
4100010
950013
757
745
3000088
745
950016
756
950018
4100007
950015
950013
950015
757
756
950018
3000352
4100009
950019
950015
950013
3000352
950015
756
950018
3000352
745
950019
746
746
4100007
950014
950014
3000088
950013
950013
950013
950018
950013
755
3000352
950018
745
950013
745
4100008
757
950013
950018
757
950016
950016
3000352
950019
950017
950014
3000352
950016
4100010
3000352
745
950014
950019
950019
746
950018
755
756
3000088
757
745
950015
745
746
950015
950013
746
4100009
950019
756
756
950018
757
950013
950013
755
950017
950013
950015
950015
746
950014
950015
950015
755
756
4100008
950013
950016
756
3000352
4100008
755
950015
950013
756
756
950017
3000088
950014
950015
756
755
950016
4100009
4100009
950013
950016
745
756
4100007
3000088
755
950015
745
3000088
950018
3000088
950014
3000088
3000088
757
757
950015
950017
757
950014
755
950016
745
3000352
950015
950018
950018
3000088
950014
746
4100010
950013
757
745
4100007
950013
757
756
950019
3000352
746
3000352
746
756
757
950019